Episode: 1	actions: [[0.33623537 0.06922128]
 [0.17370346 0.43799254]]
Episode: 1	actions: [[ 0.6388132  -0.15879154]
 [ 0.33924162  0.34598184]]
Episode: 1	actions: [[ 0.53155994 -0.1058119 ]
 [ 0.3026685   0.56567705]]
Episode: 1	actions: [[ 0.5979583  -0.08649965]
 [ 0.34304923  0.53281516]]
Episode: 1	actions: [[ 0.8046091  -0.11578058]
 [ 0.34962237  0.2808328 ]]
Episode: 1	actions: [[0.17256841 0.00548931]
 [0.47279435 0.07985945]]
Episode: 1	actions: [[ 0.57053024 -0.26870888]
 [ 0.4101828   0.02798416]]
Episode: 1	actions: [[0.81076527 0.06280786]
 [0.37929302 0.09047522]]
Episode: 1	actions: [[ 0.5120952  -0.39150184]
 [ 0.24731937  0.11519131]]
Episode: 1	actions: [[ 0.67094177 -0.09437237]
 [ 0.13196632  0.04069162]]
Episode: 1	actions: [[ 0.36103907 -0.3659315 ]
 [-0.22820513  0.43479472]]
Episode: 1	actions: [[ 0.19773833 -0.40230224]
 [-0.45033717  0.5237974 ]]
Episode: 1	actions: [[-0.15997766 -0.3742785 ]
 [-0.56631386  0.52518284]]
Episode: 1	actions: [[-0.2452865 -0.5327134]
 [-0.5004144  0.5290971]]
Episode: 1	actions: [[-0.1852252  -0.39069548]
 [-0.5690668   0.36511222]]
Episode: 2	actions: [[-0.14948824 -0.08102582]
 [-0.18439059 -0.35525918]]
Episode: 2	actions: [[-0.10350443 -0.15857324]
 [-0.49623817 -0.21361658]]
Episode: 2	actions: [[-0.26010737 -0.13646206]
 [-0.28547445 -0.15918137]]
Episode: 2	actions: [[-0.00233158 -0.36178598]
 [-0.17553023 -0.26412788]]
Episode: 2	actions: [[-0.16838676 -0.42773235]
 [-0.21572678 -0.225598  ]]
Episode: 2	actions: [[-0.39511853 -0.19946864]
 [-0.08865947 -0.48698482]]
Episode: 2	actions: [[-0.03425848  0.21634069]
 [ 0.16493224 -0.4455303 ]]
Episode: 2	actions: [[-0.23104177  0.38771674]
 [ 0.06515572 -0.15586318]]
Episode: 2	actions: [[-0.17894061  0.50866026]
 [ 0.12439787  0.00152239]]
Episode: 2	actions: [[-0.13113634  0.80768895]
 [ 0.13201055  0.10172842]]
Episode: 2	actions: [[ 0.2669463   0.3971343 ]
 [-0.13981035  0.27043644]]
Episode: 2	actions: [[-0.00599198  0.70202917]
 [-0.21077098  0.07839818]]
Episode: 2	actions: [[0.3656038  0.88969606]
 [0.18969259 0.26099324]]
Episode: 2	actions: [[0.1511217  1.        ]
 [0.1269154  0.37874526]]
Episode: 3	actions: [[ 0.17348206 -0.04110121]
 [ 0.10136479  0.17470846]]
Episode: 3	actions: [[ 0.20777428 -0.27186996]
 [ 0.14174296  0.41537574]]
Episode: 3	actions: [[ 0.0424576  -0.2894318 ]
 [ 0.02281753  0.714166  ]]
Episode: 3	actions: [[ 0.15651491 -0.15969722]
 [-0.1359445   0.71149814]]
Episode: 3	actions: [[ 0.0037012  -0.13595605]
 [-0.246832    0.7537315 ]]
Episode: 3	actions: [[ 0.11487076 -0.15653224]
 [-0.1252481   0.41366115]]
Episode: 3	actions: [[-0.19912325 -0.05304436]
 [-0.07637425  0.4878667 ]]
Episode: 3	actions: [[ 0.3005352   0.15078467]
 [-0.24544203  0.63027644]]
Episode: 3	actions: [[ 0.00463868  0.0168192 ]
 [-0.22602768  0.8794869 ]]
Episode: 3	actions: [[-0.16126283 -0.14979348]
 [-0.22262628  0.6249948 ]]
Episode: 3	actions: [[ 0.08452673 -0.34111214]
 [-0.42401537  0.43773305]]
Episode: 3	actions: [[-0.00991825  0.09269036]
 [-0.16714366  0.3912616 ]]
Episode: 3	actions: [[-0.26027772  0.24052057]
 [-0.3338911   0.0107884 ]]
Episode: 3	actions: [[ 0.00758335  0.275199  ]
 [-0.10294361  0.07764772]]
Episode: 4	actions: [[ 0.1549695  -0.1409836 ]
 [-0.22948453  0.12589958]]
Episode: 4	actions: [[-0.0430828  -0.27395606]
 [-0.30088833  0.10670862]]
Episode: 4	actions: [[-0.1057204  -0.5197461 ]
 [-0.39326572 -0.34445542]]
Episode: 4	actions: [[ 0.03558736 -0.7673344 ]
 [-0.56924903 -0.2831674 ]]
Episode: 4	actions: [[-0.10901469 -0.3445921 ]
 [-0.73931724 -0.19088003]]
Episode: 4	actions: [[-0.10917036 -0.52911735]
 [-0.5219434  -0.21502858]]
Episode: 4	actions: [[ 0.06797713 -0.28967977]
 [-0.00963069  0.0999961 ]]
Episode: 4	actions: [[-0.01726671 -0.30545396]
 [ 0.21033423  0.21606594]]
Episode: 4	actions: [[ 0.10513527 -0.5857265 ]
 [ 0.17895697  0.03833105]]
Episode: 4	actions: [[ 0.14850108 -0.52897286]
 [ 0.3315039   0.0722744 ]]
Episode: 4	actions: [[ 0.28007326 -0.5519386 ]
 [ 0.09078736 -0.00464969]]
Episode: 4	actions: [[ 0.2289383  -0.40429682]
 [ 0.52146953 -0.02550668]]
Episode: 4	actions: [[-0.00202851 -0.41790494]
 [ 0.36180967  0.07345016]]
Episode: 4	actions: [[-0.3259244  -0.33245406]
 [ 0.32839835  0.0809778 ]]
Episode: 4	actions: [[-0.39585754 -0.32791877]
 [-0.02099762 -0.01094328]]
Episode: 4	actions: [[-0.43671525 -0.18584043]
 [-0.2549165   0.15005288]]
Episode: 4	actions: [[-0.08889734 -0.5889969 ]
 [-0.13203873  0.2565006 ]]
Episode: 4	actions: [[-0.18633653 -0.5867148 ]
 [-0.13736264  0.17656258]]
Episode: 4	actions: [[-0.2376039  -0.8424186 ]
 [ 0.10839889  0.3533042 ]]
Episode: 4	actions: [[-0.35747042 -1.        ]
 [ 0.20840535  0.18413611]]
Episode: 4	actions: [[-0.28706396 -0.91660184]
 [ 0.31261763  0.2709998 ]]
Episode: 4	actions: [[-0.3785742  -1.        ]
 [-0.06251907  0.34066215]]
Episode: 4	actions: [[-0.56386244 -1.        ]
 [-0.18796463  0.28155082]]
Episode: 4	actions: [[-0.8666528  -0.8221612 ]
 [-0.04973814  0.26508304]]
Episode: 4	actions: [[-0.80034876 -0.67858255]
 [ 0.04690196 -0.32503042]]
Episode: 4	actions: [[-0.28991765 -0.49801013]
 [-0.09183481 -0.3694867 ]]
Episode: 4	actions: [[-0.14942788 -0.44479436]
 [-0.49064618  0.09738282]]
Episode: 4	actions: [[-0.15073468 -0.17241767]
 [-0.56292695  0.3854646 ]]
Episode: 4	actions: [[-0.07217021 -0.02293858]
 [-0.69447744  0.57415396]]
Episode: 4	actions: [[ 0.07549848  0.24286409]
 [-0.7377501   0.3812808 ]]
Episode: 4	actions: [[ 0.52787006 -0.00314781]
 [-0.60788053  0.53861344]]
Episode: 4	actions: [[ 0.47680023  0.10151696]
 [-0.6236195   0.50386196]]
Episode: 4	actions: [[ 0.13523208  0.39014566]
 [-0.5386021   0.2938128 ]]
Episode: 4	actions: [[ 0.21940793  0.26113018]
 [-0.72452617 -0.02500177]]
Episode: 4	actions: [[ 0.32915133  0.19274548]
 [-0.6440244   0.18750566]]
Episode: 4	actions: [[ 0.06415115  0.00780101]
 [-0.62744474  0.1695368 ]]
Episode: 4	actions: [[ 0.029822   -0.05243036]
 [-0.5498282   0.11523433]]
Episode: 4	actions: [[-0.12174431 -0.1982805 ]
 [-0.41745996 -0.08691955]]
Episode: 4	actions: [[-0.32998437 -0.23555942]
 [-0.39133015  0.37200248]]
Episode: 4	actions: [[-0.42934585 -0.0142114 ]
 [-0.1883592   0.07411288]]
Episode: 4	actions: [[-0.21182746 -0.24628279]
 [-0.6976954   0.18127684]]
Episode: 4	actions: [[-0.5427278  -0.13207665]
 [-0.7380846   0.48204866]]
Episode: 4	actions: [[-0.259786   -0.20668495]
 [-0.77268827  0.16390619]]
Episode: 4	actions: [[-0.28262416 -0.22879574]
 [-0.73761463  0.16812712]]
Episode: 4	actions: [[-0.13968028 -0.15546857]
 [-0.7757952  -0.1334767 ]]
Episode: 4	actions: [[ 0.16046707 -0.27369124]
 [-0.78243    -0.21831113]]
Episode: 4	actions: [[-0.22488637 -0.3398914 ]
 [-0.7562657  -0.06491362]]
Episode: 4	actions: [[-0.06967424 -0.3002527 ]
 [-0.4567232   0.01458365]]
Episode: 4	actions: [[-0.05894612 -0.22110775]
 [-0.42715484 -0.06400344]]
Episode: 4	actions: [[-0.09812221 -0.4234558 ]
 [-0.30728614 -0.2508589 ]]
Episode: 4	actions: [[ 0.08421679 -0.41712382]
 [-0.25057802 -0.11255249]]
Episode: 4	actions: [[ 0.2022738  -0.67920345]
 [-0.2532099   0.08241948]]
Episode: 5	actions: [[-0.35440233  0.06841204]
 [-0.47153175 -0.21394327]]
Episode: 5	actions: [[-0.30651152 -0.28718767]
 [-0.6144815  -0.4864518 ]]
Episode: 5	actions: [[ 0.07526784 -0.2122645 ]
 [-0.41285795 -0.45060518]]
Episode: 5	actions: [[-0.00852893 -0.5212039 ]
 [-0.41497496 -0.55067396]]
Episode: 5	actions: [[ 0.1492382  -0.22975188]
 [-0.06202956 -0.3126331 ]]
Episode: 5	actions: [[ 0.01729708 -0.4239661 ]
 [ 0.10549172 -0.17328195]]
Episode: 5	actions: [[-0.3491906  -0.29448947]
 [ 0.25423974 -0.13399376]]
Episode: 5	actions: [[-0.34482676 -0.40765464]
 [-0.07232243  0.03388537]]
Episode: 5	actions: [[-0.33998793 -0.3841558 ]
 [ 0.27317747  0.15042505]]
Episode: 5	actions: [[-0.23348905 -0.31905535]
 [ 0.55028856  0.49191946]]
Episode: 5	actions: [[ 0.01097917 -0.15990423]
 [ 0.04566064  0.39599907]]
Episode: 5	actions: [[-0.02341989 -0.13569412]
 [ 0.20572093 -0.20041707]]
Episode: 5	actions: [[-0.133137   -0.06435871]
 [ 0.08550818 -0.4360901 ]]
Episode: 5	actions: [[ 0.06167949 -0.00153465]
 [-0.10736599 -0.312117  ]]
Episode: 5	actions: [[ 0.22019085 -0.00462607]
 [ 0.05418471 -0.24157448]]
Episode: 5	actions: [[ 0.10893565 -0.2525361 ]
 [ 0.04399271 -0.15783261]]
Episode: 5	actions: [[ 0.25479403 -0.24572831]
 [ 0.12831923 -0.3462408 ]]
Episode: 5	actions: [[ 0.0614921  -0.22696844]
 [-0.10132104 -0.12776564]]
Episode: 5	actions: [[ 0.13658343 -0.14519276]
 [-0.02974333  0.28692985]]
Episode 5	a1 reward: 0.0000	a2 reward: 0.0900	 Avg(100): 0.0380
Episode: 6	actions: [[-0.11555484 -0.449852  ]
 [ 0.02315397 -0.02112521]]
Episode: 6	actions: [[-0.2141528  -0.58097714]
 [-0.07791789  0.0062059 ]]
Episode: 6	actions: [[-0.29152298 -0.00698431]
 [-0.25371924 -0.169192  ]]
Episode: 6	actions: [[-0.7169558   0.05037306]
 [-0.6251112  -0.24645728]]
Episode: 6	actions: [[-0.66174084 -0.10090243]
 [-0.19164163 -0.01267652]]
Episode: 6	actions: [[-0.29709238 -0.2826485 ]
 [ 0.07441238  0.08309773]]
Episode: 6	actions: [[-0.09786633 -0.02186037]
 [-0.13629037 -0.04292792]]
Episode: 6	actions: [[ 0.08794516 -0.5497656 ]
 [ 0.18539445  0.06972262]]
Episode: 6	actions: [[ 0.06758471 -0.42135844]
 [-0.03506008 -0.02080696]]
Episode: 6	actions: [[ 0.27698112 -0.10956974]
 [ 0.49301243 -0.04365385]]
Episode: 6	actions: [[ 0.10759623 -0.18996783]
 [ 0.22299787 -0.0610709 ]]
Episode: 6	actions: [[ 0.16189064 -0.18708733]
 [ 0.39888385 -0.12692606]]
Episode: 6	actions: [[ 0.06865468 -0.25580308]
 [ 0.0143599  -0.41259834]]
Episode: 6	actions: [[-0.17528188  0.03529482]
 [ 0.17141333 -0.07393706]]
Episode: 7	actions: [[-0.28277624 -0.4042896 ]
 [-0.15405051  0.02474757]]
Episode: 7	actions: [[-0.15429847 -0.14595266]
 [-0.08679797  0.36475834]]
Episode: 7	actions: [[-0.16316143 -0.3114956 ]
 [-0.41534415  0.14471036]]
Episode: 7	actions: [[-0.10708123 -0.45202482]
 [-0.17465088  0.3953743 ]]
Episode: 7	actions: [[-0.55440557 -0.21380232]
 [-0.60219455  0.42721853]]
Episode: 7	actions: [[-0.24193195 -0.18220147]
 [-0.7762076   0.23341344]]
Episode: 7	actions: [[-0.23368381 -0.18956117]
 [-0.68727165  0.17914176]]
Episode: 7	actions: [[-0.18502946 -0.43053493]
 [-0.6424503   0.42741242]]
Episode: 7	actions: [[-0.22271164 -0.45642257]
 [-0.32457188 -0.1243182 ]]
Episode: 7	actions: [[ 0.04687551 -0.5210586 ]
 [-0.24298483 -0.08655091]]
Episode: 7	actions: [[ 0.22888383 -0.5052394 ]
 [-0.3417609   0.18647884]]
Episode: 7	actions: [[-0.2796113  -0.44350958]
 [-0.5588566   0.00736235]]
Episode: 7	actions: [[ 0.14205326 -0.37991822]
 [-0.4346562  -0.3490238 ]]
Episode: 7	actions: [[ 0.00599553 -0.27736944]
 [-0.29694018 -0.17309996]]
Episode: 8	actions: [[-0.01914025  0.09564832]
 [ 0.07540456 -0.37503836]]
Episode: 8	actions: [[-0.01939467  0.23393926]
 [ 0.16996312 -0.4057331 ]]
Episode: 8	actions: [[-0.18460035 -0.02275633]
 [ 0.12282707 -0.14263076]]
Episode: 8	actions: [[-0.55467224 -0.1550865 ]
 [-0.13056771  0.03146959]]
Episode: 8	actions: [[-0.59443754 -0.23159538]
 [-0.16479565  0.11798017]]
Episode: 8	actions: [[-0.5709518  -0.8032802 ]
 [-0.01916519  0.1917614 ]]
Episode: 8	actions: [[-0.5399048  -0.9233357 ]
 [ 0.05528542  0.23552588]]
Episode: 8	actions: [[-0.54617363 -0.80912703]
 [-0.14355925  0.1502046 ]]
Episode: 8	actions: [[-0.77449155 -0.6049482 ]
 [-0.31738397  0.17568193]]
Episode: 8	actions: [[-0.93902266 -0.6324307 ]
 [-0.29026917 -0.17816478]]
Episode: 8	actions: [[-0.77469075 -0.6130074 ]
 [-0.60042375 -0.4158242 ]]
Episode: 8	actions: [[-0.53688884 -0.34152025]
 [-0.55847085 -0.28530684]]
Episode: 8	actions: [[-0.410592   -0.22413619]
 [-0.16793151 -0.5445877 ]]
Episode: 8	actions: [[-0.2128998  -0.267091  ]
 [-0.2130879  -0.55576354]]
Episode: 8	actions: [[-0.25416636 -0.47243997]
 [-0.13988644 -0.13260445]]
Episode: 9	actions: [[-0.02693098 -0.01011802]
 [-0.15859355 -0.03317456]]
Episode: 9	actions: [[ 0.05967953 -0.09425594]
 [-0.23902395  0.04835312]]
Episode: 9	actions: [[-0.12756899 -0.04874352]
 [-0.04660276  0.3191248 ]]
Episode: 9	actions: [[-0.13368793  0.23429261]
 [ 0.16110513  0.07469031]]
Episode: 9	actions: [[-0.3499094   0.13952416]
 [ 0.3478932   0.03348954]]
Episode: 9	actions: [[-0.4284624   0.42173514]
 [ 0.35389605 -0.44919956]]
Episode: 9	actions: [[-0.30842748  0.46237934]
 [ 0.3357605  -0.3002251 ]]
Episode: 9	actions: [[-0.2814373   0.11575903]
 [ 0.20419595 -0.4386781 ]]
Episode: 9	actions: [[-0.4131453  -0.16711378]
 [ 0.26016027 -0.35236925]]
Episode: 9	actions: [[-0.4447722  -0.28541398]
 [ 0.21947555 -0.07648502]]
Episode: 9	actions: [[-0.77490216 -0.1716004 ]
 [ 0.08185197 -0.44708398]]
Episode: 9	actions: [[-1.         -0.33442947]
 [ 0.10873875 -0.29453242]]
Episode: 9	actions: [[-1.         -0.08653313]
 [ 0.38611442 -0.16555777]]
Episode: 9	actions: [[-1.          0.1462534 ]
 [ 0.48764938  0.00815353]]
Episode: 10	actions: [[-0.14656232 -0.57587606]
 [ 0.4014349  -0.3317512 ]]
Episode: 10	actions: [[-0.14366288 -0.02306953]
 [ 0.41910732 -0.10458867]]
Episode: 10	actions: [[-0.41380754 -0.38687155]
 [ 0.22132066  0.09616596]]
Episode: 10	actions: [[-0.43590775 -0.48821938]
 [ 0.22068658  0.31251472]]
Episode: 10	actions: [[-0.6619404  -0.65323144]
 [ 0.02742749  0.4932813 ]]
Episode: 10	actions: [[-0.50761265 -0.1490205 ]
 [ 0.20857167  0.40677428]]
Episode: 10	actions: [[-0.19193152 -0.10579786]
 [ 0.04366223  0.49652806]]
Episode: 10	actions: [[-0.2946644  -0.15141079]
 [ 0.2947059   0.3773756 ]]
Episode: 10	actions: [[-0.41110533 -0.22833788]
 [ 0.46087602  0.22331665]]
Episode: 10	actions: [[-0.42626113 -0.3029932 ]
 [ 0.42383248  0.07882751]]
Episode: 10	actions: [[-0.6819731  -0.44146958]
 [ 0.17638563  0.3141118 ]]
Episode: 10	actions: [[-0.4175008  -0.2642052 ]
 [ 0.03687755  0.11549754]]
Episode: 10	actions: [[-0.4556501  -0.4405215 ]
 [ 0.5326201  -0.33525193]]
Episode: 10	actions: [[-0.27436915 -0.63602257]
 [ 0.44890088 -0.51224184]]
Episode 10	a1 reward: 0.0000	a2 reward: -0.0100	 Avg(100): 0.0190
Episode: 11	actions: [[-0.25278646 -0.23950757]
 [ 0.32858267 -0.03655757]]
Episode: 11	actions: [[-0.38127112 -0.10366461]
 [ 0.29037473  0.10959144]]
Episode: 11	actions: [[-0.68591017 -0.03604305]
 [ 0.37518227 -0.26759294]]
Episode: 11	actions: [[-0.49158207  0.2982608 ]
 [ 0.31407183 -0.05015613]]
Episode: 11	actions: [[-0.29702705  0.09139287]
 [ 0.2708576  -0.3672007 ]]
Episode: 11	actions: [[-0.3344744   0.12575828]
 [ 0.36780545 -0.3024826 ]]
Episode: 11	actions: [[-0.14177665 -0.120535  ]
 [ 0.2935935  -0.25620562]]
Episode: 11	actions: [[ 0.24813005 -0.15235381]
 [ 0.14960411 -0.22408436]]
Episode: 11	actions: [[ 0.02702099 -0.1093517 ]
 [ 0.05019759 -0.54153275]]
Episode: 11	actions: [[-0.00630507 -0.16316496]
 [-0.27762207 -0.4632331 ]]
Episode: 11	actions: [[ 0.29713932 -0.03414306]
 [-0.12507209 -0.66923803]]
Episode: 11	actions: [[ 0.35625076 -0.01301881]
 [ 0.00674869 -0.47320214]]
Episode: 11	actions: [[ 0.02433411 -0.04246426]
 [-0.14716008 -0.42466646]]
Episode: 11	actions: [[-0.18337387  0.23727404]
 [-0.29584488 -0.537288  ]]
Episode: 12	actions: [[-0.00214998 -0.22624102]
 [-0.10654711 -0.175954  ]]
Episode: 12	actions: [[ 0.26886144 -0.04787838]
 [-0.11339412 -0.2330264 ]]
Episode: 12	actions: [[ 0.42172006  0.01024322]
 [-0.00428882 -0.19443658]]
Episode: 12	actions: [[ 0.01871999 -0.03628083]
 [-0.11204294 -0.03382148]]
Episode: 12	actions: [[ 0.18649602 -0.15597603]
 [-0.00715965  0.30751243]]
Episode: 12	actions: [[ 0.04086266  0.20145217]
 [-0.17570876  0.28164914]]
Episode: 12	actions: [[ 0.03137454  0.17423439]
 [-0.32235673  0.10280436]]
Episode: 12	actions: [[-0.10709252  0.20919058]
 [-0.21631566  0.54275066]]
Episode: 12	actions: [[ 0.18634139  0.08291292]
 [-0.11658176  0.6711646 ]]
Episode: 12	actions: [[ 0.16869651  0.04271134]
 [-0.0729428   0.7337129 ]]
Episode: 12	actions: [[-0.02995804 -0.04046283]
 [ 0.03244434  0.6875531 ]]
Episode: 12	actions: [[ 0.00252627 -0.10086251]
 [ 0.22446103  1.        ]]
Episode: 12	actions: [[ 0.09901638 -0.12653585]
 [ 0.3493366   0.74351954]]
Episode: 12	actions: [[-0.06208367 -0.10423561]
 [-0.21860212  0.38384527]]
Episode: 13	actions: [[-0.08603299 -0.28129888]
 [-0.228872   -0.09761591]]
Episode: 13	actions: [[-0.4111216  -0.33127597]
 [-0.31631055 -0.08202215]]
Episode: 13	actions: [[-0.12161434 -0.25878808]
 [-0.27342716 -0.04165509]]
Episode: 13	actions: [[-0.05124149 -0.42084402]
 [-0.2708578   0.02953691]]
Episode: 13	actions: [[-0.33097675 -0.20135799]
 [-0.02032282 -0.10252807]]
Episode: 13	actions: [[-0.32685    -0.3480975 ]
 [ 0.12962179 -0.30160785]]
Episode: 13	actions: [[-0.3234455  -0.46541974]
 [ 0.12602082 -0.63186866]]
Episode: 13	actions: [[-0.00478205 -0.6035977 ]
 [ 0.11861971 -0.5814379 ]]
Episode: 13	actions: [[-0.16878518 -0.7092005 ]
 [ 0.28500682 -0.5884038 ]]
Episode: 13	actions: [[-0.08197109 -0.76739925]
 [ 0.1157521  -0.4032276 ]]
Episode: 13	actions: [[ 0.11646353 -0.6940451 ]
 [-0.19284105  0.03774871]]
Episode: 13	actions: [[-0.0712337  -0.9101042 ]
 [ 0.34173325 -0.03689104]]
Episode: 13	actions: [[-3.6129227e-01 -9.1467500e-01]
 [ 4.0450400e-01 -5.1036570e-04]]
Episode: 13	actions: [[-0.47061503 -0.4099824 ]
 [ 0.2167961  -0.27788168]]
Episode: 13	actions: [[-0.20418757 -0.09146699]
 [ 0.00455036 -0.48348698]]
Episode: 13	actions: [[ 0.02831578 -0.49191776]
 [-0.25116557 -0.2137486 ]]
Episode: 13	actions: [[ 0.01256168 -0.47804615]
 [-0.13775112 -0.21678942]]
Episode: 13	actions: [[-0.25241584 -0.15814611]
 [ 0.1446709  -0.12770317]]
Episode: 13	actions: [[-0.20974311  0.32943153]
 [ 0.07666215 -0.17784359]]
Episode: 13	actions: [[-0.10622741  0.568942  ]
 [ 0.3783301  -0.22358315]]
Episode: 13	actions: [[-0.02261294  0.21849424]
 [ 0.25615513 -0.36006278]]
Episode: 13	actions: [[-0.2259848   0.5197962 ]
 [ 0.05038347 -0.43952352]]
Episode: 13	actions: [[-0.11875245  0.69208866]
 [ 0.12993865  0.18900213]]
Episode: 13	actions: [[-0.11697168  0.6409115 ]
 [ 0.17132322  0.45197946]]
Episode: 13	actions: [[ 0.00127568  0.52220285]
 [-0.04411557  0.41915122]]
Episode: 13	actions: [[0.27959698 0.36377618]
 [0.05761143 0.4132812 ]]
Episode: 13	actions: [[0.41334456 0.14789759]
 [0.525175   0.09018312]]
Episode: 13	actions: [[0.26779196 0.28075454]
 [0.50316495 0.2144251 ]]
Episode: 13	actions: [[0.11195163 0.23557651]
 [0.42826566 0.46042404]]
Episode: 13	actions: [[0.22650672 0.36565688]
 [0.22570929 0.5864407 ]]
Episode: 13	actions: [[0.2462958  0.5886269 ]
 [0.58828    0.46912557]]
Episode: 13	actions: [[0.12202358 0.30903846]
 [0.47832343 0.2939782 ]]
Episode: 13	actions: [[0.1614927  0.23112166]
 [0.31855768 0.43533745]]
Episode: 13	actions: [[-0.05045998  0.3015785 ]
 [ 0.1826713   0.5276513 ]]
Episode: 13	actions: [[0.2250596  0.18644623]
 [0.24134293 0.487347  ]]
Episode: 13	actions: [[0.04624113 0.22089179]
 [0.26683652 0.48977894]]
Episode: 13	actions: [[-0.01417895  0.17281951]
 [-0.00353691  0.33357796]]
Episode: 13	actions: [[ 0.09321839  0.34899196]
 [-0.10131636  0.31371695]]
Episode: 13	actions: [[ 0.12578203  0.3426109 ]
 [ 0.03306601 -0.10094541]]
Episode: 13	actions: [[ 0.09423418  0.3213766 ]
 [-0.16662525  0.25459605]]
Episode: 13	actions: [[ 0.10809343  0.5854576 ]
 [-0.30607983  0.02719514]]
Episode: 13	actions: [[ 0.1401596   0.15998173]
 [-0.21437208  0.04554201]]
Episode: 13	actions: [[ 0.3173636   0.2679811 ]
 [-0.27154297 -0.19065973]]
Episode: 13	actions: [[ 0.6159376   0.05934827]
 [-0.4546916  -0.38853693]]
Episode: 13	actions: [[ 0.7584791  -0.10338832]
 [-0.571535   -0.30580792]]
Episode: 13	actions: [[ 0.63760656 -0.28857762]
 [-0.394009   -0.06459745]]
Episode: 13	actions: [[ 0.7906941  -0.14455737]
 [-0.29690945 -0.45019323]]
Episode: 13	actions: [[ 1.         -0.1193241 ]
 [-0.18349572 -0.20594722]]
Episode: 13	actions: [[ 1.         -0.11601456]
 [-0.06618885 -0.30853656]]
Episode: 13	actions: [[ 1.         -0.3818709 ]
 [-0.19406074 -0.4578717 ]]
Episode: 14	actions: [[ 0.04138558  0.12743723]
 [ 0.5562662  -0.02494723]]
Episode: 14	actions: [[-0.17795065  0.28437468]
 [ 0.36868465 -0.25222987]]
Episode: 14	actions: [[-0.04095739 -0.07517859]
 [ 0.2922538  -0.34253386]]
Episode: 14	actions: [[ 0.06387831 -0.04308046]
 [ 0.23182404 -0.35411114]]
Episode: 14	actions: [[ 0.14187425  0.00132905]
 [ 0.00521432 -0.58848864]]
Episode: 14	actions: [[ 0.14652234 -0.3280159 ]
 [ 0.02301525 -0.34204566]]
Episode: 14	actions: [[ 0.3019604  -0.5414806 ]
 [-0.1451395  -0.22262809]]
Episode: 14	actions: [[ 0.26135814 -0.5985492 ]
 [-0.01010516 -0.4107319 ]]
Episode: 14	actions: [[ 0.21191177 -0.7215775 ]
 [-0.2161853  -0.5405588 ]]
Episode: 14	actions: [[ 0.40391386 -0.66590333]
 [-0.37081426 -0.57174873]]
Episode: 14	actions: [[ 0.11649475 -0.78545576]
 [ 0.08939128 -0.620559  ]]
Episode: 14	actions: [[ 0.2773627  -0.7007849 ]
 [ 0.17695157 -0.46564326]]
Episode: 14	actions: [[ 0.1438795  -0.68878806]
 [ 0.5037911  -0.58267784]]
Episode: 14	actions: [[-0.03801689 -0.6126698 ]
 [ 0.5469133  -0.4941574 ]]
Episode: 15	actions: [[ 0.53462684 -0.13217568]
 [-0.01185328  0.04642102]]
Episode: 15	actions: [[ 0.9152303  -0.6930802 ]
 [ 0.51136416  0.2574372 ]]
Episode: 15	actions: [[ 1.         -0.77453804]
 [ 0.81215405 -0.03690997]]
Episode: 15	actions: [[ 1.         -0.65375704]
 [ 0.6301192  -0.42828038]]
Episode: 15	actions: [[ 1.         -0.6519383 ]
 [ 0.8894718  -0.60928065]]
Episode: 15	actions: [[ 1.         -1.        ]
 [ 0.69128484 -0.69481283]]
Episode: 15	actions: [[ 1.         -0.98059076]
 [ 0.67394567 -0.7826811 ]]
Episode: 15	actions: [[ 1.         -0.9660186 ]
 [ 0.9987309  -0.79828364]]
Episode: 15	actions: [[ 1. -1.]
 [ 1. -1.]]
Episode: 15	actions: [[ 1. -1.]
 [ 1. -1.]]
Episode: 15	actions: [[ 1. -1.]
 [ 1. -1.]]
Episode: 15	actions: [[ 1. -1.]
 [ 1. -1.]]
Episode: 15	actions: [[ 1. -1.]
 [ 1. -1.]]
Episode: 15	actions: [[ 1.         -0.74032307]
 [ 1.         -1.        ]]
Episode: 15	actions: [[ 1.        -0.7151949]
 [ 1.        -1.       ]]
Episode 15	a1 reward: 0.0000	a2 reward: -0.0100	 Avg(100): 0.0193
Episode: 16	actions: [[ 0.6914414  -0.5241569 ]
 [ 0.27852327 -0.684517  ]]
Episode: 16	actions: [[ 1.         -0.89172643]
 [ 0.8573282  -0.9036607 ]]
Episode: 16	actions: [[ 1.        -0.9157123]
 [ 1.        -0.9329424]]
Episode: 16	actions: [[ 1.         -0.94892395]
 [ 1.         -1.        ]]
Episode: 16	actions: [[ 1.         -0.99638397]
 [ 1.         -0.8351915 ]]
Episode: 16	actions: [[ 1.         -1.        ]
 [ 1.         -0.63594687]]
Episode: 16	actions: [[ 1.        -1.       ]
 [ 1.        -0.4834507]]
Episode: 16	actions: [[ 1.         -1.        ]
 [ 0.88575387 -0.44323677]]
Episode: 16	actions: [[ 0.9824339 -1.       ]
 [ 1.        -0.3973633]]
Episode: 16	actions: [[ 0.75761765 -1.        ]
 [ 1.         -0.66310394]]
Episode: 16	actions: [[ 1.         -1.        ]
 [ 1.         -0.63283944]]
Episode: 16	actions: [[ 1.        -1.       ]
 [ 1.        -0.6707922]]
Episode: 16	actions: [[ 1.         -1.        ]
 [ 0.98387927 -0.82011116]]
Episode: 16	actions: [[ 1.        -1.       ]
 [ 1.        -0.9256097]]
Episode: 17	actions: [[ 0.71909434 -0.5277274 ]
 [ 0.7832488  -0.8637609 ]]
Episode: 17	actions: [[ 0.8147319 -0.7895692]
 [ 1.        -0.925538 ]]
Episode: 17	actions: [[ 0.6920569  -0.48655242]
 [ 0.93451375 -1.        ]]
Episode: 17	actions: [[ 0.93059504 -0.5210725 ]
 [ 0.8351408  -1.        ]]
Episode: 17	actions: [[ 1.        -0.5698912]
 [ 0.966561  -1.       ]]
Episode: 17	actions: [[ 1.         -0.52675796]
 [ 1.         -1.        ]]
Episode: 17	actions: [[ 1.       -0.945601]
 [ 0.944346 -1.      ]]
Episode: 17	actions: [[ 1.         -0.83416253]
 [ 0.88466716 -1.        ]]
Episode: 17	actions: [[ 0.84518504 -0.6290549 ]
 [ 0.78430605 -1.        ]]
Episode: 17	actions: [[ 0.8946799  -0.96535313]
 [ 0.74681044 -0.99670887]]
Episode: 17	actions: [[ 1.         -0.89878553]
 [ 0.46878302 -0.54919   ]]
Episode: 17	actions: [[ 0.7255761  -0.5300952 ]
 [ 0.12608153 -0.33617526]]
Episode: 17	actions: [[ 1.         -0.7652    ]
 [ 0.34110063 -0.32631248]]
Episode: 17	actions: [[ 0.9138614  -1.        ]
 [ 0.1708253  -0.31661272]]
Episode: 18	actions: [[ 0.8779882 -0.9701059]
 [ 1.        -0.8488178]]
Episode: 18	actions: [[ 0.8344166 -1.       ]
 [ 1.        -1.       ]]
Episode: 18	actions: [[ 0.8792877  -0.97039485]
 [ 1.         -1.        ]]
Episode: 18	actions: [[ 0.9294904 -1.       ]
 [ 1.        -1.       ]]
Episode: 18	actions: [[ 0.98145384 -1.        ]
 [ 1.         -1.        ]]
Episode: 18	actions: [[ 0.69542193 -1.        ]
 [ 1.         -1.        ]]
Episode: 18	actions: [[ 0.549991 -1.      ]
 [ 1.       -1.      ]]
Episode: 18	actions: [[ 0.7198902 -1.       ]
 [ 1.        -1.       ]]
Episode: 18	actions: [[ 0.71078086 -1.        ]
 [ 1.         -1.        ]]
Episode: 18	actions: [[ 0.59170806 -1.        ]
 [ 1.         -1.        ]]
Episode: 18	actions: [[ 0.588079 -1.      ]
 [ 1.       -1.      ]]
Episode: 18	actions: [[ 0.49013442 -1.        ]
 [ 1.         -1.        ]]
Episode: 18	actions: [[ 0.7952216 -1.       ]
 [ 1.        -1.       ]]
Episode: 18	actions: [[ 0.8469237 -1.       ]
 [ 1.        -1.       ]]
Episode: 19	actions: [[ 0.6369595  -0.61500454]
 [ 0.7728328  -0.7144972 ]]
Episode: 19	actions: [[ 0.6531863  -0.9169269 ]
 [ 0.95920306 -0.89753693]]
Episode: 19	actions: [[ 0.81913096 -0.9968138 ]
 [ 1.         -1.        ]]
Episode: 19	actions: [[ 1.         -0.9000017 ]
 [ 0.8684822  -0.56259966]]
Episode: 19	actions: [[ 1.         -0.45769298]
 [ 1.         -0.6659128 ]]
Episode: 19	actions: [[ 1.         -0.6195962 ]
 [ 0.8111788  -0.85495704]]
Episode: 19	actions: [[ 1.         -0.3719843 ]
 [ 0.68521035 -0.70060205]]
Episode: 19	actions: [[ 0.804959   -0.58325076]
 [ 0.6410567  -0.67127633]]
Episode: 19	actions: [[ 0.92552066 -0.45362377]
 [ 0.84880185 -0.6720344 ]]
Episode: 19	actions: [[ 1.         -0.21841866]
 [ 0.7694716  -0.5665493 ]]
Episode: 19	actions: [[ 0.6514301  -0.25353032]
 [ 0.7075672  -0.63105357]]
Episode: 19	actions: [[ 0.911374   -0.3326288 ]
 [ 0.92816424 -0.392151  ]]
Episode: 19	actions: [[ 1.         -0.19893086]
 [ 0.87374043 -0.48496747]]
Episode: 19	actions: [[ 0.8976566  -0.11085713]
 [ 0.97535396 -0.6634933 ]]
Episode: 20	actions: [[ 0.98575896 -0.7365855 ]
 [ 0.9658984  -1.        ]]
Episode: 20	actions: [[ 1. -1.]
 [ 1. -1.]]
Episode: 20	actions: [[ 0.9509986  -1.        ]
 [ 0.85224384 -0.8196447 ]]
Episode: 20	actions: [[ 0.8624691  -1.        ]
 [ 1.         -0.70520765]]
Episode: 20	actions: [[ 1. -1.]
 [ 1. -1.]]
Episode: 20	actions: [[ 1.         -1.        ]
 [ 0.94653916 -1.        ]]
Episode: 20	actions: [[ 1.        -1.       ]
 [ 0.3951097 -1.       ]]
Episode: 20	actions: [[ 1.         -1.        ]
 [ 0.70511407 -1.        ]]
Episode: 20	actions: [[ 1.        -1.       ]
 [ 0.8064476 -1.       ]]
Episode: 20	actions: [[ 1.       -1.      ]
 [ 0.968436 -1.      ]]
Episode: 20	actions: [[ 0.7509326 -1.       ]
 [ 0.8772929 -1.       ]]
Episode: 20	actions: [[ 0.9498382  -1.        ]
 [ 0.97688437 -1.        ]]
Episode: 20	actions: [[ 0.9867963 -1.       ]
 [ 1.        -0.9684911]]
Episode: 20	actions: [[ 1.         -1.        ]
 [ 0.53468466 -0.7973479 ]]
Episode: 20	actions: [[ 1.        -1.       ]
 [ 0.6429579 -0.6887101]]
Episode 20	a1 reward: -0.0100	a2 reward: 0.0000	 Avg(100): 0.0145
Episode: 21	actions: [[ 1.        -0.8573339]
 [ 0.9850937 -1.       ]]
Episode: 21	actions: [[ 0.8568939 -1.       ]
 [ 0.7261406 -1.       ]]
Episode: 21	actions: [[ 1.        -0.9248283]
 [ 0.6424424 -1.       ]]
Episode: 21	actions: [[ 1.        -1.       ]
 [ 0.7095547 -1.       ]]
Episode: 21	actions: [[ 1.        -0.9898474]
 [ 0.9300945 -1.       ]]
Episode: 21	actions: [[ 1.       -1.      ]
 [ 0.934885 -1.      ]]
Episode: 21	actions: [[ 1. -1.]
 [ 1. -1.]]
Episode: 21	actions: [[ 1.         -1.        ]
 [ 0.80878776 -1.        ]]
Episode: 21	actions: [[ 1.        -1.       ]
 [ 1.        -0.8656558]]
Episode: 21	actions: [[ 1.         -1.        ]
 [ 0.89119196 -1.        ]]
Episode: 21	actions: [[ 1.         -1.        ]
 [ 0.47670442 -0.7653072 ]]
Episode: 21	actions: [[ 1.         -1.        ]
 [ 0.33973378 -0.8233135 ]]
Episode: 21	actions: [[ 1.        -1.       ]
 [ 0.5064584 -0.9675217]]
Episode: 21	actions: [[ 1.         -0.96389735]
 [ 0.6001778  -0.9330293 ]]
Episode: 22	actions: [[ 1.        -1.       ]
 [ 0.8186024 -0.7437801]]
Episode: 22	actions: [[ 0.88367885 -1.        ]
 [ 1.         -0.7391254 ]]
Episode: 22	actions: [[ 0.9221338 -1.       ]
 [ 1.        -0.7966442]]
Episode: 22	actions: [[ 1.         -1.        ]
 [ 0.9862028  -0.46893972]]
Episode: 22	actions: [[ 1.         -0.90230376]
 [ 0.96731645 -0.27563673]]
Episode: 22	actions: [[ 0.821901   -0.886288  ]
 [ 0.65592957 -0.21572298]]
Episode: 22	actions: [[ 0.6065068  -0.84669954]
 [ 0.651209   -0.56456155]]
Episode: 22	actions: [[ 0.34228063 -0.97170645]
 [ 1.         -0.68846166]]
Episode: 22	actions: [[ 0.62402964 -0.98733693]
 [ 1.         -1.        ]]
Episode: 22	actions: [[ 0.5999422  -0.79971945]
 [ 1.         -1.        ]]
Episode: 22	actions: [[ 0.5740243 -0.6003292]
 [ 1.        -1.       ]]
Episode: 22	actions: [[ 0.76628315 -0.5428652 ]
 [ 1.         -0.75752676]]
Episode: 22	actions: [[ 0.78930676 -0.55592763]
 [ 1.         -0.7639331 ]]
Episode: 22	actions: [[ 1.         -0.75093937]
 [ 0.8116347  -0.60037994]]
Episode: 23	actions: [[ 0.9653648  -0.97596043]
 [ 0.98604476 -0.98184425]]
Episode: 23	actions: [[ 1.        -1.       ]
 [ 0.7903875 -0.9696153]]
Episode: 23	actions: [[ 0.80219555 -1.        ]
 [ 1.         -0.822977  ]]
Episode: 23	actions: [[ 0.8298589  -1.        ]
 [ 0.95755774 -0.9125267 ]]
Episode: 23	actions: [[ 0.9798245 -0.9030473]
 [ 1.        -1.       ]]
Episode: 23	actions: [[ 0.7896178  -0.8223655 ]
 [ 0.9853098  -0.86091757]]
Episode: 23	actions: [[ 1.         -0.7376159 ]
 [ 0.7645668  -0.88882524]]
Episode: 23	actions: [[ 1.         -0.55186564]
 [ 0.9757573  -0.6993147 ]]
Episode: 23	actions: [[ 0.8609302  -0.33721888]
 [ 0.7038584  -0.8513866 ]]
Episode: 23	actions: [[ 0.9677726 -0.4665544]
 [ 0.5474746 -1.       ]]
Episode: 23	actions: [[ 0.6635767  -0.44038963]
 [ 0.8669617  -1.        ]]
Episode: 23	actions: [[ 0.6341314 -0.8182039]
 [ 1.        -0.6028701]]
Episode: 23	actions: [[ 0.3302449  -1.        ]
 [ 0.9231674  -0.77507573]]
Episode: 23	actions: [[ 0.47608525 -0.7268735 ]
 [ 1.         -0.703508  ]]
Episode: 24	actions: [[ 0.85102254 -1.        ]
 [ 0.8370446  -0.689098  ]]
Episode: 24	actions: [[ 0.8648572  -1.        ]
 [ 0.82814586 -0.57277274]]
Episode: 24	actions: [[ 0.6230935  -0.95486766]
 [ 0.8851556  -0.68003756]]
Episode: 24	actions: [[ 0.768018   -0.9180472 ]
 [ 0.83368343 -0.77847093]]
Episode: 24	actions: [[ 0.6293981  -0.7993304 ]
 [ 0.75244975 -1.        ]]
Episode: 24	actions: [[ 0.71809316 -0.5641476 ]
 [ 0.77993315 -1.        ]]
Episode: 24	actions: [[ 0.84099233 -0.24297893]
 [ 0.5231588  -1.        ]]
Episode: 24	actions: [[ 0.9057763  -0.12470388]
 [ 0.7924586  -1.        ]]
Episode: 24	actions: [[ 0.58370215 -0.09501863]
 [ 0.6568962  -1.        ]]
Episode: 24	actions: [[ 0.87534153 -0.41255885]
 [ 0.9883499  -1.        ]]
Episode: 24	actions: [[ 0.95773154 -0.4393496 ]
 [ 0.6630927  -1.        ]]
Episode: 24	actions: [[ 1.         -0.41008192]
 [ 0.7301166  -1.        ]]
Episode: 24	actions: [[ 1.        -0.5149423]
 [ 0.5795666 -1.       ]]
Episode: 24	actions: [[ 0.6630026  -0.47019857]
 [ 0.7193357  -1.        ]]
Episode: 25	actions: [[ 0.7956192  -0.97635776]
 [ 1.         -0.8662996 ]]
Episode: 25	actions: [[ 0.8495285  -0.87519056]
 [ 1.         -0.45042372]]
Episode: 25	actions: [[ 1.         -0.91099936]
 [ 1.         -0.6108552 ]]
Episode: 25	actions: [[ 1.         -1.        ]
 [ 1.         -0.37809962]]
Episode: 25	actions: [[ 1.         -1.        ]
 [ 1.         -0.34020913]]
Episode: 25	actions: [[ 1.        -1.       ]
 [ 1.        -0.3141306]]
Episode: 25	actions: [[ 1.         -1.        ]
 [ 1.         -0.55184263]]
Episode: 25	actions: [[ 0.864449   -0.70337737]
 [ 1.         -0.7346033 ]]
Episode: 25	actions: [[ 0.5470302 -0.6023129]
 [ 1.        -0.8340371]]
Episode: 25	actions: [[ 0.3950014  -0.66686535]
 [ 1.         -1.        ]]
Episode: 25	actions: [[ 0.46515292 -0.9266626 ]
 [ 1.         -0.9185673 ]]
Episode: 25	actions: [[ 0.37781334 -1.        ]
 [ 1.         -1.        ]]
Episode: 25	actions: [[ 0.33943158 -1.        ]
 [ 1.         -1.        ]]
Episode: 25	actions: [[ 0.5304718  -1.        ]
 [ 1.         -0.84439987]]
Episode: 25	actions: [[ 1.        -0.8282423]
 [ 1.        -0.5018467]]
Episode 25	a1 reward: -0.0100	a2 reward: 0.0000	 Avg(100): 0.0116
Episode: 26	actions: [[ 1. -1.]
 [ 1. -1.]]
Episode: 26	actions: [[ 0.8641424 -1.       ]
 [ 1.        -1.       ]]
Episode: 26	actions: [[ 1.        -1.       ]
 [ 0.7799874 -1.       ]]
Episode: 26	actions: [[ 1.        -1.       ]
 [ 0.8302681 -1.       ]]
Episode: 26	actions: [[ 1. -1.]
 [ 1. -1.]]
Episode: 26	actions: [[ 1. -1.]
 [ 1. -1.]]
Episode: 26	actions: [[ 1.         -1.        ]
 [ 0.87950814 -1.        ]]
Episode: 26	actions: [[ 1. -1.]
 [ 1. -1.]]
Episode: 26	actions: [[ 1.         -0.78731674]
 [ 1.         -1.        ]]
Episode: 26	actions: [[ 1.         -0.64036655]
 [ 1.         -1.        ]]
Episode: 26	actions: [[ 1.         -0.61438334]
 [ 0.9209857  -1.        ]]
Episode: 26	actions: [[ 1.         -0.30118394]
 [ 0.60829717 -1.        ]]
Episode: 26	actions: [[ 1.         -0.3391347 ]
 [ 0.18062687 -0.90215284]]
Episode: 26	actions: [[ 1.         -0.80638015]
 [ 0.2314716  -0.79530966]]
Episode: 27	actions: [[ 0.68136215 -0.99845326]
 [ 0.7883618  -1.        ]]
Episode: 27	actions: [[ 0.7353951  -0.9628453 ]
 [ 0.72669506 -1.        ]]
Episode: 27	actions: [[ 0.93831366 -1.        ]
 [ 1.         -0.74210376]]
Episode: 27	actions: [[ 0.86201954 -1.        ]
 [ 0.71327204 -0.806045  ]]
Episode: 27	actions: [[ 0.8101933  -0.9701254 ]
 [ 0.45503128 -0.8904911 ]]
Episode: 27	actions: [[ 1.         -1.        ]
 [ 0.38464963 -1.        ]]
Episode: 27	actions: [[ 1.         -1.        ]
 [ 0.21747321 -1.        ]]
Episode: 27	actions: [[ 1.         -1.        ]
 [ 0.49955088 -1.        ]]
Episode: 27	actions: [[ 1.        -1.       ]
 [ 0.5789795 -1.       ]]
Episode: 27	actions: [[ 1.         -1.        ]
 [ 0.62237644 -1.        ]]
Episode: 27	actions: [[ 1.        -1.       ]
 [ 0.6051568 -1.       ]]
Episode: 27	actions: [[ 1.         -1.        ]
 [ 0.62440455 -1.        ]]
Episode: 27	actions: [[ 1.       -1.      ]
 [ 0.513304 -1.      ]]
Episode: 27	actions: [[ 1.         -1.        ]
 [ 0.53219193 -1.        ]]
Episode: 28	actions: [[ 1.        -0.6596776]
 [ 1.        -1.       ]]
Episode: 28	actions: [[ 1.        -0.6901366]
 [ 1.        -1.       ]]
Episode: 28	actions: [[ 1.         -0.6455552 ]
 [ 0.90897036 -1.        ]]
Episode: 28	actions: [[ 1.         -0.8200973 ]
 [ 0.79477763 -1.        ]]
Episode: 28	actions: [[ 1.         -0.90515536]
 [ 0.93612826 -1.        ]]
Episode: 28	actions: [[ 1. -1.]
 [ 1. -1.]]
Episode: 28	actions: [[ 1. -1.]
 [ 1. -1.]]
Episode: 28	actions: [[ 1. -1.]
 [ 1. -1.]]
Episode: 28	actions: [[ 1.        -1.       ]
 [ 1.        -0.9288639]]
Episode: 28	actions: [[ 0.94877476 -1.        ]
 [ 0.96797156 -0.6604806 ]]
Episode: 28	actions: [[ 0.877064   -1.        ]
 [ 0.62894356 -0.35274905]]
Episode: 28	actions: [[ 0.82429886 -1.        ]
 [ 0.7146943  -0.50081   ]]
Episode: 28	actions: [[ 1.         -1.        ]
 [ 0.81709135 -0.39399105]]
Episode: 28	actions: [[ 1.         -1.        ]
 [ 0.81605786 -0.7298365 ]]
Episode: 29	actions: [[ 1.        -0.8973211]
 [ 1.        -1.       ]]
Episode: 29	actions: [[ 0.9087548 -0.9687716]
 [ 1.        -1.       ]]
Episode: 29	actions: [[ 0.93043673 -1.        ]
 [ 1.         -1.        ]]
Episode: 29	actions: [[ 1. -1.]
 [ 1. -1.]]
Episode: 29	actions: [[ 1. -1.]
 [ 1. -1.]]
Episode: 29	actions: [[ 1.         -1.        ]
 [ 1.         -0.77708423]]
Episode: 29	actions: [[ 1. -1.]
 [ 1. -1.]]
Episode: 29	actions: [[ 1.         -0.98866004]
 [ 1.         -0.75853044]]
Episode: 29	actions: [[ 1.        -1.       ]
 [ 1.        -0.9562843]]
Episode: 29	actions: [[ 1.        -0.8983137]
 [ 1.        -1.       ]]
Episode: 29	actions: [[ 1.         -0.7951619 ]
 [ 1.         -0.59046555]]
Episode: 29	actions: [[ 1.        -1.       ]
 [ 1.        -0.7695246]]
Episode: 29	actions: [[ 0.60149217 -1.        ]
 [ 1.         -0.7884314 ]]
Episode: 29	actions: [[ 0.74462414 -1.        ]
 [ 1.         -0.46059954]]
Episode: 30	actions: [[ 0.958157   -0.68566835]
 [ 1.         -0.6030868 ]]
Episode: 30	actions: [[ 1.         -1.        ]
 [ 1.         -0.45239657]]
Episode: 30	actions: [[ 1.         -1.        ]
 [ 1.         -0.67615867]]
Episode: 30	actions: [[ 1.         -0.9742202 ]
 [ 1.         -0.72875077]]
Episode: 30	actions: [[ 1.         -0.89173347]
 [ 0.9880872  -0.9897175 ]]
Episode: 30	actions: [[ 1.        -0.9077244]
 [ 0.9579653 -1.       ]]
Episode: 30	actions: [[ 0.94712585 -1.        ]
 [ 1.         -1.        ]]
Episode: 30	actions: [[ 0.70372564 -1.        ]
 [ 1.         -1.        ]]
Episode: 30	actions: [[ 1. -1.]
 [ 1. -1.]]
Episode: 30	actions: [[ 1. -1.]
 [ 1. -1.]]
Episode: 30	actions: [[ 0.93946147 -1.        ]
 [ 1.         -1.        ]]
Episode: 30	actions: [[ 0.93242043 -1.        ]
 [ 0.8746559  -1.        ]]
Episode: 30	actions: [[ 1.        -1.       ]
 [ 0.9675057 -1.       ]]
Episode: 30	actions: [[ 1. -1.]
 [ 1. -1.]]
Episode: 30	actions: [[ 1.        -0.9991708]
 [ 0.401295  -1.       ]]
Episode 30	a1 reward: 0.0000	a2 reward: -0.0100	 Avg(100): 0.0097
Episode: 31	actions: [[ 0.6177974  -0.8672903 ]
 [ 0.9690266  -0.76177037]]
Episode: 31	actions: [[ 0.6559025 -1.       ]
 [ 0.9444777 -0.5861734]]
Episode: 31	actions: [[ 0.7127533 -1.       ]
 [ 1.        -0.6062821]]
Episode: 31	actions: [[ 0.7546578  -0.7933651 ]
 [ 1.         -0.54298615]]
Episode: 31	actions: [[ 0.73441285 -0.5257401 ]
 [ 1.         -0.4681247 ]]
Episode: 31	actions: [[ 0.5316558 -0.5688164]
 [ 1.        -0.5796274]]
Episode: 31	actions: [[ 0.6497961  -0.61351323]
 [ 1.         -0.38874298]]
Episode: 31	actions: [[ 0.3639689 -0.5258234]
 [ 0.7934609 -0.4041078]]
Episode: 31	actions: [[ 0.2824477  -0.42173976]
 [ 0.8416879  -0.44407743]]
Episode: 31	actions: [[ 0.18694806 -0.6390563 ]
 [ 0.9067717  -0.4110518 ]]
Episode: 31	actions: [[ 0.8932091  -0.6487341 ]
 [ 1.         -0.80997896]]
Episode: 31	actions: [[ 0.643942   -0.77234536]
 [ 0.859274   -0.5419693 ]]
Episode: 31	actions: [[ 0.61551905 -0.53077173]
 [ 1.         -0.60214007]]
Episode: 31	actions: [[ 0.7732912 -0.6123469]
 [ 1.        -0.5654011]]
Episode: 32	actions: [[ 0.9752301  -0.89918834]
 [ 1.         -0.85770017]]
Episode: 32	actions: [[ 1.        -0.8894888]
 [ 1.        -1.       ]]
Episode: 32	actions: [[ 1.         -1.        ]
 [ 0.92385465 -0.8157883 ]]
Episode: 32	actions: [[ 1.         -1.        ]
 [ 1.         -0.88559735]]
Episode: 32	actions: [[ 1. -1.]
 [ 1. -1.]]
Episode: 32	actions: [[ 1.         -1.        ]
 [ 1.         -0.88218355]]
Episode: 32	actions: [[ 1. -1.]
 [ 1. -1.]]
Episode: 32	actions: [[ 1.        -0.9992333]
 [ 1.        -1.       ]]
Episode: 32	actions: [[ 1.        -1.       ]
 [ 1.        -0.7483206]]
Episode: 32	actions: [[ 1. -1.]
 [ 1. -1.]]
Episode: 32	actions: [[ 1.         -1.        ]
 [ 0.98010635 -0.90116185]]
Episode: 32	actions: [[ 1.         -1.        ]
 [ 0.95467633 -1.        ]]
Episode: 32	actions: [[ 1.         -0.95178   ]
 [ 0.92140007 -1.        ]]
Episode: 32	actions: [[ 1.         -0.82653755]
 [ 0.77667004 -1.        ]]
Episode: 33	actions: [[ 1.        -1.       ]
 [ 0.9437302 -1.       ]]
Episode: 33	actions: [[ 1.         -0.9316688 ]
 [ 0.85288346 -1.        ]]
Episode: 33	actions: [[ 1.         -0.83623517]
 [ 0.7274674  -1.        ]]
Episode: 33	actions: [[ 0.7759099  -1.        ]
 [ 0.74591887 -1.        ]]
Episode: 33	actions: [[ 0.8683801 -1.       ]
 [ 0.5047317 -0.9813265]]
Episode: 33	actions: [[ 0.5584516  -1.        ]
 [ 0.59176683 -1.        ]]
Episode: 33	actions: [[ 0.43201375 -1.        ]
 [ 0.49878007 -1.        ]]
Episode: 33	actions: [[ 0.3427515  -1.        ]
 [ 0.43208998 -1.        ]]
Episode: 33	actions: [[ 0.4622476 -1.       ]
 [ 0.4505332 -1.       ]]
Episode: 33	actions: [[ 0.48307168 -1.        ]
 [ 0.58327067 -0.8722663 ]]
Episode: 33	actions: [[ 0.6355923 -1.       ]
 [ 0.8072885 -0.6760265]]
Episode: 33	actions: [[ 0.9084917  -1.        ]
 [ 0.80674803 -0.49887586]]
Episode: 33	actions: [[ 0.5861903 -1.       ]
 [ 0.551126  -0.7600503]]
Episode: 33	actions: [[ 0.4463231  -1.        ]
 [ 0.57167757 -0.96824247]]
Episode: 34	actions: [[ 0.7932025  -0.9715565 ]
 [ 0.9976689  -0.73187006]]
Episode: 34	actions: [[ 0.92415786 -1.        ]
 [ 0.87266064 -0.55870414]]
Episode: 34	actions: [[ 0.8116586 -0.8763616]
 [ 0.6727066 -0.5106902]]
Episode: 34	actions: [[ 0.6681404  -0.99654615]
 [ 0.9409127  -0.60943025]]
Episode: 34	actions: [[ 0.8801616  -0.90266687]
 [ 1.         -0.84516394]]
Episode: 34	actions: [[ 0.8539448  -0.8326505 ]
 [ 0.91576767 -0.54338884]]
Episode: 34	actions: [[ 0.72083724 -0.91758776]
 [ 0.7276473  -1.        ]]
Episode: 34	actions: [[ 1.         -0.97070414]
 [ 0.6791654  -1.        ]]
Episode: 34	actions: [[ 1.       -1.      ]
 [ 0.862827 -1.      ]]
Episode: 34	actions: [[ 1. -1.]
 [ 1. -1.]]
Episode: 34	actions: [[ 1. -1.]
 [ 1. -1.]]
Episode: 34	actions: [[ 0.6520118  -0.93819463]
 [ 0.9720281  -1.        ]]
Episode: 34	actions: [[ 0.7407932  -0.8900433 ]
 [ 0.85967547 -1.        ]]
Episode: 34	actions: [[ 0.44705224 -0.78925854]
 [ 1.         -0.8384245 ]]
Episode: 35	actions: [[ 0.597064  -1.       ]
 [ 0.9624699 -0.9028514]]
Episode: 35	actions: [[ 0.63637054 -1.        ]
 [ 1.         -0.68527675]]
Episode: 35	actions: [[ 0.64458704 -1.        ]
 [ 0.5594983  -0.9194593 ]]
Episode: 35	actions: [[ 0.63382834 -1.        ]
 [ 0.6919455  -0.729362  ]]
Episode: 35	actions: [[ 0.7898016  -1.        ]
 [ 0.4344604  -0.65887964]]
Episode: 35	actions: [[ 0.45473647 -1.        ]
 [ 0.48170817 -0.94454914]]
Episode: 35	actions: [[ 0.5938146 -1.       ]
 [ 0.5521532 -0.9696637]]
Episode: 35	actions: [[ 0.7384089  -0.8846216 ]
 [ 0.7183713  -0.77236235]]
Episode: 35	actions: [[ 0.7688447  -0.5791575 ]
 [ 0.87451255 -0.9149375 ]]
Episode: 35	actions: [[ 0.58536255 -0.60124177]
 [ 0.6327761  -1.        ]]
Episode: 35	actions: [[ 0.69523907 -0.78228587]
 [ 0.50172937 -1.        ]]
Episode: 35	actions: [[ 0.7554472  -0.8559921 ]
 [ 0.5011765  -0.92341727]]
Episode: 35	actions: [[ 0.8604194  -0.92215043]
 [ 1.         -0.8962494 ]]
Episode: 35	actions: [[ 1.         -1.        ]
 [ 0.78552866 -1.        ]]
Episode: 35	actions: [[ 1. -1.]
 [ 1. -1.]]
Episode 35	a1 reward: -0.0100	a2 reward: 0.0000	 Avg(100): 0.0083
Episode: 36	actions: [[ 1.         -1.        ]
 [ 0.91347784 -0.99239546]]
Episode: 36	actions: [[ 1. -1.]
 [ 1. -1.]]
Episode: 36	actions: [[ 1.         -1.        ]
 [ 1.         -0.87267494]]
Episode: 36	actions: [[ 1.         -1.        ]
 [ 1.         -0.96439683]]
Episode: 36	actions: [[ 1.         -1.        ]
 [ 0.81844854 -0.86837226]]
Episode: 36	actions: [[ 1. -1.]
 [ 1. -1.]]
Episode: 36	actions: [[ 1.         -0.95245147]
 [ 1.         -1.        ]]
Episode: 36	actions: [[ 1. -1.]
 [ 1. -1.]]
Episode: 36	actions: [[ 1. -1.]
 [ 1. -1.]]
Episode: 36	actions: [[ 1.        -1.       ]
 [ 0.7032289 -1.       ]]
Episode: 36	actions: [[ 1.         -1.        ]
 [ 0.94036573 -0.72669464]]
Episode: 36	actions: [[ 1.        -1.       ]
 [ 1.        -0.9827297]]
Episode: 36	actions: [[ 1.        -1.       ]
 [ 0.6496613 -0.8197313]]
Episode: 36	actions: [[ 1.        -1.       ]
 [ 0.7835867 -1.       ]]
Episode: 37	actions: [[ 0.45762527 -1.        ]
 [ 1.         -1.        ]]
Episode: 37	actions: [[ 0.40885174 -1.        ]
 [ 1.         -1.        ]]
Episode: 37	actions: [[ 0.40153056 -1.        ]
 [ 1.         -1.        ]]
Episode: 37	actions: [[ 0.13241404 -1.        ]
 [ 1.         -1.        ]]
Episode: 37	actions: [[ 0.16542298 -1.        ]
 [ 1.         -0.8791043 ]]
Episode: 37	actions: [[ 0.20502275 -0.81036186]
 [ 1.         -0.59823257]]
Episode: 37	actions: [[ 0.34536278 -1.        ]
 [ 0.8764373  -0.71861243]]
Episode: 37	actions: [[ 0.39247155 -0.837815  ]
 [ 0.8729196  -0.8470488 ]]
Episode: 37	actions: [[ 0.6983658  -0.9069749 ]
 [ 0.7770779  -0.75541335]]
Episode: 37	actions: [[ 0.645939   -0.7895632 ]
 [ 0.69149035 -0.83655965]]
Episode: 37	actions: [[ 0.7293923  -0.8957295 ]
 [ 0.73508453 -0.6984706 ]]
Episode: 37	actions: [[ 0.851857   -0.81546515]
 [ 0.64811766 -0.57364655]]
Episode: 37	actions: [[ 1.         -0.64286625]
 [ 0.5560641  -0.67198753]]
Episode: 37	actions: [[ 1.        -0.8178322]
 [ 0.5775664 -0.3371895]]
Episode: 38	actions: [[ 1.        -0.7526287]
 [ 1.        -1.       ]]
Episode: 38	actions: [[ 1.         -0.86145276]
 [ 0.94800365 -1.        ]]
Episode: 38	actions: [[ 1.         -0.99137425]
 [ 0.845977   -1.        ]]
Episode: 38	actions: [[ 1.         -0.94611824]
 [ 0.89138705 -1.        ]]
Episode: 38	actions: [[ 1.         -0.89227635]
 [ 0.80657995 -1.        ]]
Episode: 38	actions: [[ 0.95038897 -1.        ]
 [ 0.9748975  -1.        ]]
Episode: 38	actions: [[ 1. -1.]
 [ 1. -1.]]
Episode: 38	actions: [[ 0.9666497 -1.       ]
 [ 1.        -1.       ]]
Episode: 38	actions: [[ 1.         -1.        ]
 [ 1.         -0.93601227]]
Episode: 38	actions: [[ 1. -1.]
 [ 1. -1.]]
Episode: 38	actions: [[ 1. -1.]
 [ 1. -1.]]
Episode: 38	actions: [[ 1. -1.]
 [ 1. -1.]]
Episode: 38	actions: [[ 1. -1.]
 [ 1. -1.]]
Episode: 38	actions: [[ 1.        -1.       ]
 [ 0.9503237 -1.       ]]
Episode: 39	actions: [[ 0.53861165 -1.        ]
 [ 0.6923079  -1.        ]]
Episode: 39	actions: [[ 0.5250847  -1.        ]
 [ 0.89760256 -1.        ]]
Episode: 39	actions: [[ 0.72280604 -0.91069883]
 [ 0.9406888  -1.        ]]
Episode: 39	actions: [[ 0.51529324 -1.        ]
 [ 1.         -1.        ]]
Episode: 39	actions: [[ 0.7747756 -0.9021817]
 [ 1.        -1.       ]]
Episode: 39	actions: [[ 1.         -0.63460517]
 [ 1.         -0.9328893 ]]
Episode: 39	actions: [[ 1.         -0.46284586]
 [ 1.         -1.        ]]
Episode: 39	actions: [[ 0.9052914 -0.4292515]
 [ 1.        -1.       ]]
Episode: 39	actions: [[ 0.88199747 -0.7213649 ]
 [ 1.         -1.        ]]
Episode: 39	actions: [[ 0.44838512 -0.6883913 ]
 [ 1.         -1.        ]]
Episode: 39	actions: [[ 0.47109747 -0.62807226]
 [ 1.         -1.        ]]
Episode: 39	actions: [[ 0.3655436  -0.50675243]
 [ 1.         -1.        ]]
Episode: 39	actions: [[ 0.48108333 -0.4800588 ]
 [ 1.         -1.        ]]
Episode: 39	actions: [[ 0.42739487 -0.46354747]
 [ 1.         -1.        ]]
Episode: 40	actions: [[ 0.9910809  -0.94811666]
 [ 0.98601425 -0.9501077 ]]
Episode: 40	actions: [[ 0.7887063  -1.        ]
 [ 0.8214689  -0.82957935]]
Episode: 40	actions: [[ 0.87199575 -0.9500967 ]
 [ 0.8110287  -1.        ]]
Episode: 40	actions: [[ 1.         -0.96132374]
 [ 1.         -0.9514642 ]]
Episode: 40	actions: [[ 1.         -1.        ]
 [ 1.         -0.78103864]]
Episode: 40	actions: [[ 1.         -1.        ]
 [ 0.93003803 -1.        ]]
Episode: 40	actions: [[ 1.         -0.87903726]
 [ 1.         -1.        ]]
Episode: 40	actions: [[ 1.        -1.       ]
 [ 1.        -0.8839658]]
Episode: 40	actions: [[ 1. -1.]
 [ 1. -1.]]
Episode: 40	actions: [[ 1. -1.]
 [ 1. -1.]]
Episode: 40	actions: [[ 0.99556464 -0.98488235]
 [ 1.         -0.9670468 ]]
Episode: 40	actions: [[ 1.         -1.        ]
 [ 1.         -0.87588364]]
Episode: 40	actions: [[ 1.         -1.        ]
 [ 0.9905617  -0.90676045]]
Episode: 40	actions: [[ 0.8000957 -1.       ]
 [ 1.        -0.7527721]]
Episode: 40	actions: [[ 0.8790459 -1.       ]
 [ 0.7319073 -0.5892848]]
Episode 40	a1 reward: 0.0000	a2 reward: -0.0100	 Avg(100): 0.0073
Episode: 41	actions: [[ 0.9911291 -0.6092838]
 [ 1.        -1.       ]]
Episode: 41	actions: [[ 1.        -0.9463542]
 [ 1.        -1.       ]]
Episode: 41	actions: [[ 1.         -0.87514603]
 [ 0.80312085 -1.        ]]
Episode: 41	actions: [[ 1.        -0.8965156]
 [ 0.867414  -1.       ]]
Episode: 41	actions: [[ 1.         -1.        ]
 [ 0.70377594 -1.        ]]
Episode: 41	actions: [[ 0.9012312  -1.        ]
 [ 0.68222326 -1.        ]]
Episode: 41	actions: [[ 0.73982084 -1.        ]
 [ 1.         -1.        ]]
Episode: 41	actions: [[ 0.7299917  -1.        ]
 [ 0.68010145 -1.        ]]
Episode: 41	actions: [[ 0.91673136 -0.7337067 ]
 [ 0.54919213 -1.        ]]
Episode: 41	actions: [[ 1.         -0.73420984]
 [ 0.736851   -0.8800404 ]]
Episode: 41	actions: [[ 1.         -0.67883056]
 [ 0.7643353  -1.        ]]
Episode: 41	actions: [[ 1.         -0.52284694]
 [ 0.84844613 -1.        ]]
Episode: 41	actions: [[ 1.         -0.62016547]
 [ 0.92395246 -1.        ]]
Episode: 41	actions: [[ 1.       -0.558449]
 [ 1.       -1.      ]]
Episode: 42	actions: [[ 0.63995963 -1.        ]
 [ 1.         -1.        ]]
Episode: 42	actions: [[ 0.29746848 -1.        ]
 [ 1.         -1.        ]]
Episode: 42	actions: [[ 0.5795193  -1.        ]
 [ 0.90690345 -1.        ]]
Episode: 42	actions: [[ 0.8058155 -1.       ]
 [ 1.        -1.       ]]
Episode: 42	actions: [[ 0.7940874 -1.       ]
 [ 1.        -1.       ]]
Episode: 42	actions: [[ 0.7993424 -1.       ]
 [ 1.        -1.       ]]
Episode: 42	actions: [[ 0.95902437 -0.71118534]
 [ 1.         -1.        ]]
Episode: 42	actions: [[ 0.9139683 -0.6960093]
 [ 1.        -1.       ]]
Episode: 42	actions: [[ 1.       -0.983639]
 [ 1.       -1.      ]]
Episode: 42	actions: [[ 1.         -1.        ]
 [ 0.81383365 -1.        ]]
Episode: 42	actions: [[ 1.        -0.9001657]
 [ 0.7733419 -1.       ]]
Episode: 42	actions: [[ 0.9888367  -0.82864463]
 [ 0.7707459  -1.        ]]
Episode: 42	actions: [[ 0.47357887 -0.8349632 ]
 [ 0.88763815 -1.        ]]
Episode: 42	actions: [[ 0.68596935 -0.71249515]
 [ 1.         -1.        ]]
Episode: 43	actions: [[ 0.61850834 -1.        ]
 [ 0.68065995 -1.        ]]
Episode: 43	actions: [[ 0.6443972 -1.       ]
 [ 0.6039796 -1.       ]]
Episode: 43	actions: [[ 0.8083714  -1.        ]
 [ 0.61222637 -1.        ]]
Episode: 43	actions: [[ 0.91770446 -1.        ]
 [ 0.4423719  -1.        ]]
Episode: 43	actions: [[ 0.6847751  -1.        ]
 [ 0.68793124 -1.        ]]
Episode: 43	actions: [[ 0.513186  -1.       ]
 [ 0.7518518 -1.       ]]
Episode: 43	actions: [[ 0.30587393 -1.        ]
 [ 0.92459977 -1.        ]]
Episode: 43	actions: [[ 0.33103836 -0.5833669 ]
 [ 1.         -1.        ]]
Episode: 43	actions: [[ 0.2844491 -0.7810645]
 [ 1.        -1.       ]]
Episode: 43	actions: [[ 0.48458064 -0.98773956]
 [ 1.         -1.        ]]
Episode: 43	actions: [[ 0.9002004 -1.       ]
 [ 1.        -1.       ]]
Episode: 43	actions: [[ 1.         -0.88035744]
 [ 1.         -1.        ]]
Episode: 43	actions: [[ 0.99359673 -1.        ]
 [ 0.866926   -1.        ]]
Episode: 43	actions: [[ 1.         -1.        ]
 [ 0.87553054 -1.        ]]
Episode: 44	actions: [[ 1.        -1.       ]
 [ 1.        -0.6091441]]
Episode: 44	actions: [[ 1.         -1.        ]
 [ 1.         -0.42666602]]
Episode: 44	actions: [[ 0.96370685 -1.        ]
 [ 0.7976723  -0.7674854 ]]
Episode: 44	actions: [[ 0.7609106  -1.        ]
 [ 1.         -0.94129485]]
Episode: 44	actions: [[ 0.8380971 -1.       ]
 [ 1.        -1.       ]]
Episode: 44	actions: [[ 0.56932265 -0.80735874]
 [ 1.         -1.        ]]
Episode: 44	actions: [[ 0.41316468 -0.7894228 ]
 [ 1.         -0.94112813]]
Episode: 44	actions: [[ 0.35270387 -0.61926186]
 [ 0.91076094 -0.76485693]]
Episode: 44	actions: [[ 0.665256   -0.36300242]
 [ 0.85588706 -0.99931777]]
Episode: 44	actions: [[ 0.87368953 -0.59790707]
 [ 0.88627243 -1.        ]]
Episode: 44	actions: [[ 0.71285224 -0.59424543]
 [ 0.62590134 -0.9352601 ]]
Episode: 44	actions: [[ 0.563215   -1.        ]
 [ 0.67202973 -0.8589465 ]]
Episode: 44	actions: [[ 0.7437153  -0.8371092 ]
 [ 0.25214714 -1.        ]]
Episode: 44	actions: [[ 0.80341357 -0.55880857]
 [ 0.5205238  -0.6894312 ]]
Episode: 45	actions: [[ 0.8953492  -0.94528335]
 [ 0.7807454  -1.        ]]
Episode: 45	actions: [[ 0.76453245 -1.        ]
 [ 0.7352494  -1.        ]]
Episode: 45	actions: [[ 0.80427945 -0.95957726]
 [ 0.802861   -1.        ]]
Episode: 45	actions: [[ 0.72949076 -1.        ]
 [ 0.74294144 -1.        ]]
Episode: 45	actions: [[ 0.9425603  -0.7689145 ]
 [ 0.62252367 -0.9145602 ]]
Episode: 45	actions: [[ 0.6732278  -0.72920656]
 [ 0.894913   -0.9571881 ]]
Episode: 45	actions: [[ 0.9360103  -0.99673194]
 [ 0.7335771  -0.9906756 ]]
Episode: 45	actions: [[ 1.        -1.       ]
 [ 0.6831519 -1.       ]]
Episode: 45	actions: [[ 1.        -0.8198973]
 [ 0.870317  -1.       ]]
Episode: 45	actions: [[ 1.        -0.9591735]
 [ 1.        -1.       ]]
Episode: 45	actions: [[ 1.         -0.7862898 ]
 [ 0.98160946 -1.        ]]
Episode: 45	actions: [[ 1.        -0.80226  ]
 [ 0.7777026 -1.       ]]
Episode: 45	actions: [[ 1.         -0.36611027]
 [ 0.732764   -1.        ]]
Episode: 45	actions: [[ 1.         -0.47260898]
 [ 0.4841931  -1.        ]]
Episode: 45	actions: [[ 1.         -0.4189245 ]
 [ 0.72619694 -1.        ]]
Episode 45	a1 reward: 0.0000	a2 reward: -0.0100	 Avg(100): 0.0064
Episode: 46	actions: [[ 0.8551478 -1.       ]
 [ 1.        -1.       ]]
Episode: 46	actions: [[ 0.9887888  -1.        ]
 [ 0.95672977 -1.        ]]
Episode: 46	actions: [[ 0.852764 -1.      ]
 [ 1.       -1.      ]]
Episode: 46	actions: [[ 1.        -1.       ]
 [ 0.9367194 -1.       ]]
Episode: 46	actions: [[ 1.        -1.       ]
 [ 1.        -0.9184631]]
Episode: 46	actions: [[ 1.         -1.        ]
 [ 1.         -0.62881243]]
Episode: 46	actions: [[ 1. -1.]
 [ 1. -1.]]
Episode: 46	actions: [[ 1. -1.]
 [ 1. -1.]]
Episode: 46	actions: [[ 1. -1.]
 [ 1. -1.]]
Episode: 46	actions: [[ 0.9240607 -1.       ]
 [ 0.8834288 -1.       ]]
Episode: 46	actions: [[ 0.7648144 -1.       ]
 [ 0.9489384 -1.       ]]
Episode: 46	actions: [[ 0.74420714 -1.        ]
 [ 1.         -1.        ]]
Episode: 46	actions: [[ 1. -1.]
 [ 1. -1.]]
Episode: 46	actions: [[ 1.       -1.      ]
 [ 0.964224 -1.      ]]
Episode: 47	actions: [[ 1.         -0.86160725]
 [ 0.93444514 -0.86766714]]
Episode: 47	actions: [[ 1.         -0.92491674]
 [ 0.69610226 -1.        ]]
Episode: 47	actions: [[ 1.         -1.        ]
 [ 0.40041816 -0.9806403 ]]
Episode: 47	actions: [[ 1.         -1.        ]
 [ 0.72537255 -0.81683195]]
Episode: 47	actions: [[ 1.         -1.        ]
 [ 0.48713267 -0.90549487]]
Episode: 47	actions: [[ 0.8721084  -1.        ]
 [ 0.28293788 -0.88680965]]
Episode: 47	actions: [[ 0.83387846 -1.        ]
 [ 0.20359987 -0.8492443 ]]
Episode: 47	actions: [[ 0.5808594  -0.97857815]
 [ 0.30015248 -0.77305394]]
Episode: 47	actions: [[ 0.38060266 -0.8823439 ]
 [ 0.4661433  -0.7346252 ]]
Episode: 47	actions: [[ 0.5358074 -0.9385417]
 [ 0.7935622 -0.8054957]]
Episode: 47	actions: [[ 0.45815092 -0.9594621 ]
 [ 0.6351296  -0.92712635]]
Episode: 47	actions: [[ 0.50411063 -1.        ]
 [ 0.72959137 -0.5503508 ]]
Episode: 47	actions: [[ 0.6922592  -0.8213335 ]
 [ 0.66978556 -0.7347647 ]]
Episode: 47	actions: [[ 0.6630665  -0.67819107]
 [ 0.2912944  -0.98041326]]
Episode: 48	actions: [[ 1.         -1.        ]
 [ 1.         -0.91078925]]
Episode: 48	actions: [[ 0.88538855 -1.        ]
 [ 1.         -1.        ]]
Episode: 48	actions: [[ 0.99558127 -1.        ]
 [ 1.         -0.7419909 ]]
Episode: 48	actions: [[ 0.8154306 -1.       ]
 [ 1.        -0.7967516]]
Episode: 48	actions: [[ 1.        -1.       ]
 [ 0.9808985 -0.7771015]]
Episode: 48	actions: [[ 0.8952276  -1.        ]
 [ 1.         -0.79072654]]
Episode: 48	actions: [[ 0.6059712 -1.       ]
 [ 1.        -0.8972443]]
Episode: 48	actions: [[ 0.6659074  -1.        ]
 [ 0.75298214 -0.8858216 ]]
Episode: 48	actions: [[ 0.58298016 -1.        ]
 [ 0.95729995 -0.93760324]]
Episode: 48	actions: [[ 0.08552158 -1.        ]
 [ 0.86785936 -0.9937244 ]]
Episode: 48	actions: [[ 0.4019593  -1.        ]
 [ 0.93628734 -0.68179214]]
Episode: 48	actions: [[ 0.36695063 -1.        ]
 [ 1.         -0.68763614]]
Episode: 48	actions: [[ 0.3254074 -1.       ]
 [ 1.        -0.6165098]]
Episode: 48	actions: [[ 0.2698999 -1.       ]
 [ 0.9707527 -0.3429641]]
Episode: 49	actions: [[ 0.98645335 -0.5297402 ]
 [ 1.         -0.91241854]]
Episode: 49	actions: [[ 1.         -0.4012162 ]
 [ 0.90160644 -0.4952063 ]]
Episode: 49	actions: [[ 1.        -0.6311778]
 [ 0.9766471 -0.3532899]]
Episode: 49	actions: [[ 0.8180458  -0.57355976]
 [ 0.8374078  -0.55116487]]
Episode: 49	actions: [[ 0.74781644 -0.48540086]
 [ 0.64082944 -0.58011407]]
Episode: 49	actions: [[ 0.71722305 -0.73138463]
 [ 0.45292866 -0.88275445]]
Episode: 49	actions: [[ 0.43413192 -0.59313   ]
 [ 0.48684382 -0.8687324 ]]
Episode: 49	actions: [[ 0.75374633 -0.8972481 ]
 [ 0.3762303  -0.8376748 ]]
Episode: 49	actions: [[ 0.42726934 -1.        ]
 [ 0.28552747 -0.7963722 ]]
Episode: 49	actions: [[ 0.42834324 -0.6236788 ]
 [ 0.5795554  -0.9969079 ]]
Episode: 49	actions: [[ 0.43692732 -0.7493763 ]
 [ 1.         -1.        ]]
Episode: 49	actions: [[ 0.56193924 -1.        ]
 [ 1.         -0.87300587]]
Episode: 49	actions: [[ 0.5462726  -0.95185363]
 [ 1.         -0.9762286 ]]
Episode: 49	actions: [[ 0.5641949 -1.       ]
 [ 1.        -1.       ]]
Episode: 50	actions: [[ 1. -1.]
 [ 1. -1.]]
Episode: 50	actions: [[ 1. -1.]
 [ 1. -1.]]
Episode: 50	actions: [[ 1.         -0.74200857]
 [ 0.8537294  -1.        ]]
Episode: 50	actions: [[ 1.        -0.7549752]
 [ 0.8884251 -1.       ]]
Episode: 50	actions: [[ 1.        -0.9536   ]
 [ 0.9499759 -1.       ]]
Episode: 50	actions: [[ 1.        -0.9858324]
 [ 1.        -0.8166295]]
Episode: 50	actions: [[ 1.         -0.6415424 ]
 [ 1.         -0.85472137]]
Episode: 50	actions: [[ 0.64250267 -0.8865823 ]
 [ 1.         -0.8550933 ]]
Episode: 50	actions: [[ 0.6989132 -1.       ]
 [ 1.        -0.90993  ]]
Episode: 50	actions: [[ 0.4688756 -1.       ]
 [ 1.        -1.       ]]
Episode: 50	actions: [[ 0.48275554 -1.        ]
 [ 1.         -1.        ]]
Episode: 50	actions: [[ 0.5225819 -1.       ]
 [ 1.        -1.       ]]
Episode: 50	actions: [[ 0.5191339 -1.       ]
 [ 1.        -1.       ]]
Episode: 50	actions: [[ 0.6225541 -1.       ]
 [ 1.        -1.       ]]
Episode: 50	actions: [[ 0.8948362 -1.       ]
 [ 1.        -1.       ]]
Episode 50	a1 reward: -0.0100	a2 reward: 0.0000	 Avg(100): 0.0058
Episode: 51	actions: [[ 0.9233487  -0.88823223]
 [ 1.         -0.9969776 ]]
Episode: 51	actions: [[ 1.         -0.65118134]
 [ 0.8000179  -0.9116994 ]]
Episode: 51	actions: [[ 1.         -0.62615347]
 [ 1.         -1.        ]]
Episode: 51	actions: [[ 0.7872647 -0.4618683]
 [ 0.8455725 -1.       ]]
Episode: 51	actions: [[ 0.8599369  -0.6792643 ]
 [ 0.55155706 -1.        ]]
Episode: 51	actions: [[ 0.7252699  -0.60827744]
 [ 0.51801    -1.        ]]
Episode: 51	actions: [[ 0.72464633 -0.45744157]
 [ 0.7711676  -1.        ]]
Episode: 51	actions: [[ 1.         -0.60372126]
 [ 0.5759266  -1.        ]]
Episode: 51	actions: [[ 1.         -0.23413569]
 [ 0.8083439  -1.        ]]
Episode: 51	actions: [[ 1.         -0.17986989]
 [ 0.592294   -1.        ]]
Episode: 51	actions: [[ 1.        -0.3194881]
 [ 0.679556  -1.       ]]
Episode: 51	actions: [[ 0.9983781  -0.3483023 ]
 [ 0.45108652 -1.        ]]
Episode: 51	actions: [[ 0.83207    -0.38010365]
 [ 0.4796635  -1.        ]]
Episode: 51	actions: [[ 0.8938628  -0.62573546]
 [ 0.47014982 -1.        ]]
Episode: 52	actions: [[ 1.        -1.       ]
 [ 0.8166435 -1.       ]]
Episode: 52	actions: [[ 1.         -1.        ]
 [ 0.66377985 -0.97434425]]
Episode: 52	actions: [[ 1.         -1.        ]
 [ 0.70907164 -1.        ]]
Episode: 52	actions: [[ 1.       -1.      ]
 [ 0.968029 -1.      ]]
Episode: 52	actions: [[ 1.       -0.948958]
 [ 1.       -1.      ]]
Episode: 52	actions: [[ 1.         -0.65414464]
 [ 1.         -1.        ]]
Episode: 52	actions: [[ 1.         -0.83639073]
 [ 1.         -1.        ]]
Episode: 52	actions: [[ 1. -1.]
 [ 1. -1.]]
Episode: 52	actions: [[ 1.         -0.97704446]
 [ 1.         -1.        ]]
Episode: 52	actions: [[ 0.8032179 -0.6675705]
 [ 1.        -1.       ]]
Episode: 52	actions: [[ 0.8347784  -0.35860962]
 [ 1.         -1.        ]]
Episode: 52	actions: [[ 0.8013319 -0.4933681]
 [ 1.        -0.9176119]]
Episode: 52	actions: [[ 0.50976247 -0.47681308]
 [ 1.         -1.        ]]
Episode: 52	actions: [[ 0.5827075 -0.9092498]
 [ 1.        -1.       ]]
Episode: 53	actions: [[ 0.86420345 -1.        ]
 [ 0.85878974 -0.71087015]]
Episode: 53	actions: [[ 0.99124074 -1.        ]
 [ 0.6941355  -0.8018082 ]]
Episode: 53	actions: [[ 0.7875749  -0.96176815]
 [ 1.         -0.62175953]]
Episode: 53	actions: [[ 0.8855047  -1.        ]
 [ 1.         -0.33086985]]
Episode: 53	actions: [[ 0.78796476 -0.6894809 ]
 [ 0.80554754 -0.49024248]]
Episode: 53	actions: [[ 0.4783677  -0.70434284]
 [ 0.58300865 -0.23506492]]
Episode: 53	actions: [[ 0.63872766 -0.6416543 ]
 [ 0.7018604  -0.56741416]]

